********************************************************************************
STREME - Sensitive, Thorough, Rapid, Enriched Motif Elicitation
********************************************************************************
MEME version 5.5.5 (Release date: Thu Sep 14 08:48:04 2023 +1000)

For further information on how to interpret these results please access https://meme-suite.org/meme.
To get a copy of the MEME Suite software please access https://meme-suite.org.

********************************************************************************


********************************************************************************
REFERENCE
********************************************************************************
If you use this program in your research, please cite:

Timothy L. Bailey,
"STREME: accurate and versatile sequence motif discovery",
Bioinformatics, Mar. 24, 2021.
********************************************************************************


ALPHABET= ACGT

strands: + -

Background letter frequencies
A 0.217 C 0.283 G 0.283 T 0.217 

MOTIF 1-AAACCACAGM STREME-1
letter-probability matrix: alength= 4 w= 10 nsites= 959 E= 2.4e-012
 0.557846 0.138676 0.035965 0.267514
 0.781062 0.009396 0.170497 0.039045
 0.927487 0.031392 0.039626 0.001496
 0.000339 0.999556 0.000059 0.000045
 0.000045 0.992599 0.000059 0.007297
 0.827012 0.011774 0.128216 0.032998
 0.018902 0.968643 0.003953 0.008501
 0.900575 0.023506 0.022696 0.053222
 0.252361 0.038768 0.565592 0.143279
 0.279544 0.408696 0.190873 0.120887

MOTIF 2-AAAGAGGAAGTG STREME-2
letter-probability matrix: alength= 4 w= 12 nsites= 559 E= 1.1e-007
 0.702166 0.059966 0.185911 0.051956
 0.838767 0.041662 0.082755 0.036816
 0.663449 0.002077 0.123986 0.210488
 0.179388 0.144521 0.662058 0.014033
 0.683021 0.026027 0.290889 0.000063
 0.031999 0.000081 0.967857 0.000063
 0.000063 0.000081 0.999793 0.000063
 0.999775 0.000081 0.000081 0.000063
 0.978986 0.004073 0.000081 0.016860
 0.068754 0.097892 0.833291 0.000063
 0.055613 0.143457 0.101903 0.699027
 0.212481 0.132662 0.494614 0.160243

MOTIF 3-CCCCGCCCCC STREME-3
letter-probability matrix: alength= 4 w= 10 nsites= 238 E= 1.8e-004
 0.014933 0.984382 0.000387 0.000298
 0.014460 0.952813 0.000387 0.032339
 0.038308 0.931242 0.030152 0.000298
 0.047658 0.951657 0.000387 0.000298
 0.041827 0.000387 0.901775 0.056010
 0.009795 0.957161 0.032746 0.000298
 0.000298 0.999017 0.000387 0.000298
 0.000298 0.999017 0.000387 0.000298
 0.180334 0.785152 0.000387 0.034126
 0.033094 0.705689 0.087842 0.173375

MOTIF 4-CAGGAAGY STREME-4
letter-probability matrix: alength= 4 w= 8 nsites= 476 E= 1.7e-002
 0.000222 0.662597 0.312859 0.024322
 0.895959 0.103531 0.000288 0.000222
 0.000222 0.000288 0.999268 0.000222
 0.000222 0.000288 0.999268 0.000222
 0.999202 0.000288 0.000288 0.000222
 0.895040 0.039346 0.000288 0.065326
 0.249941 0.000288 0.749549 0.000222
 0.000222 0.530339 0.000288 0.469152

MOTIF 5-RTTDCGHAAY STREME-5
letter-probability matrix: alength= 4 w= 10 nsites= 387 E= 1.7e-002
 0.472189 0.201352 0.290961 0.035498
 0.000114 0.012595 0.000149 0.987142
 0.012716 0.000149 0.275129 0.712006
 0.332167 0.000149 0.424787 0.242897
 0.073322 0.574915 0.134566 0.217197
 0.217197 0.134566 0.574915 0.073322
 0.242897 0.424787 0.000149 0.332167
 0.712006 0.275129 0.000149 0.012716
 0.987142 0.000149 0.012595 0.000114
 0.035498 0.290961 0.201352 0.472189

MOTIF 6-ATGACTCASC STREME-6
letter-probability matrix: alength= 4 w= 10 nsites= 120 E= 1.4e-001
 0.607514 0.201270 0.190890 0.000326
 0.000326 0.000424 0.000424 0.998827
 0.000326 0.000424 0.936619 0.062632
 0.998827 0.000424 0.000424 0.000326
 0.062635 0.702045 0.214226 0.021095
 0.000326 0.000424 0.000424 0.998827
 0.041861 0.932314 0.000424 0.025402
 0.957289 0.000424 0.041962 0.000326
 0.124955 0.426826 0.304259 0.143960
 0.022059 0.640961 0.041962 0.295018

MOTIF 7-GCGCATGCGCAGY STREME-7
letter-probability matrix: alength= 4 w= 13 nsites= 28 E= 2.1e-001
 0.001354 0.001762 0.995529 0.001354
 0.044559 0.952324 0.001762 0.001354
 0.044559 0.001762 0.952324 0.001354
 0.001354 0.995529 0.001762 0.001354
 0.606278 0.044967 0.174582 0.174174
 0.001354 0.044967 0.174594 0.779085
 0.001354 0.044967 0.952324 0.001354
 0.001354 0.995529 0.001762 0.001354
 0.001354 0.001762 0.952324 0.044559
 0.001354 0.952324 0.001762 0.044559
 0.908712 0.001762 0.088172 0.001354
 0.044559 0.088178 0.649847 0.217416
 0.087764 0.477015 0.088172 0.347049

MOTIF 8-CGGCCCCGC STREME-8
letter-probability matrix: alength= 4 w= 9 nsites= 37 E= 2.6e-001
 0.001933 0.993618 0.002515 0.001933
 0.001933 0.002515 0.993618 0.001933
 0.198951 0.002515 0.796600 0.001933
 0.001933 0.993618 0.002515 0.001933
 0.001933 0.993618 0.002515 0.001933
 0.001933 0.993618 0.002515 0.001933
 0.001933 0.993618 0.002515 0.001933
 0.001933 0.002515 0.993618 0.001933
 0.248736 0.746815 0.002515 0.001933

MOTIF 9-CTTATCTS STREME-9
letter-probability matrix: alength= 4 w= 8 nsites= 168 E= 2.7e-001
 0.000547 0.765981 0.182119 0.051353
 0.035102 0.225904 0.000712 0.738281
 0.097706 0.000712 0.000712 0.900870
 0.998028 0.000712 0.000712 0.000547
 0.056333 0.000712 0.000712 0.942242
 0.000547 0.998193 0.000712 0.000547
 0.000547 0.000712 0.018175 0.980565
 0.000547 0.616770 0.317557 0.065125

MOTIF 10-ACCRCAR STREME-10
letter-probability matrix: alength= 4 w= 7 nsites= 382 E= 3.0e-001
 0.914440 0.000553 0.084582 0.000425
 0.000425 0.998597 0.000553 0.000425
 0.000425 0.959509 0.039641 0.000425
 0.403754 0.000553 0.595268 0.000425
 0.000425 0.941333 0.057816 0.000425
 0.971636 0.000553 0.027386 0.000425
 0.461239 0.000553 0.509856 0.028352

MOTIF 11-CCTCCC STREME-11
letter-probability matrix: alength= 4 w= 6 nsites= 566 E= 3.3e-001
 0.019755 0.934791 0.025700 0.019755
 0.019755 0.934791 0.025700 0.019755
 0.019755 0.025700 0.025700 0.928845
 0.019755 0.934791 0.025700 0.019755
 0.019755 0.934791 0.025700 0.019755
 0.019755 0.934791 0.025700 0.019755

MOTIF 12-AGGAAGTG STREME-12
letter-probability matrix: alength= 4 w= 8 nsites= 115 E= 1.2e+000
 0.765273 0.102842 0.131246 0.000639
 0.005260 0.041613 0.938088 0.015039
 0.000639 0.005034 0.973297 0.021030
 0.916074 0.000832 0.000832 0.082262
 0.793322 0.055446 0.000832 0.150400
 0.083434 0.044231 0.871581 0.000754
 0.000639 0.009293 0.000832 0.989237
 0.021030 0.014744 0.914324 0.049902

MOTIF 13-CAGCAGAGGGCGC STREME-13
letter-probability matrix: alength= 4 w= 13 nsites= 40 E= 1.7e+000
 0.000867 0.997137 0.001128 0.000867
 0.581892 0.084125 0.277790 0.056193
 0.000867 0.250103 0.748163 0.000867
 0.056193 0.720500 0.056454 0.166853
 0.941542 0.056462 0.001128 0.000867
 0.000867 0.001128 0.997137 0.000867
 0.692536 0.001128 0.305468 0.000867
 0.000867 0.001128 0.997137 0.000867
 0.000867 0.001128 0.997137 0.000867
 0.000867 0.001128 0.941811 0.056193
 0.166869 0.831136 0.001128 0.000867
 0.028530 0.001128 0.969474 0.000867
 0.056193 0.941811 0.001128 0.000867

MOTIF 14-AGCCGCCGCCGC STREME-14
letter-probability matrix: alength= 4 w= 12 nsites= 30 E= 7.0e+000
 0.687207 0.186532 0.075699 0.050562
 0.000780 0.001015 0.997425 0.000780
 0.000780 0.947657 0.001015 0.050548
 0.025668 0.922769 0.025899 0.025664
 0.005571 0.025899 0.967750 0.000780
 0.050548 0.947657 0.001015 0.000780
 0.075446 0.897871 0.001015 0.025668
 0.030455 0.001015 0.967750 0.000780
 0.050548 0.848121 0.025899 0.075432
 0.050562 0.848107 0.050783 0.050548
 0.050552 0.005806 0.893095 0.050548
 0.025664 0.947657 0.025899 0.000780

********************************************************************************
Stopped because 3 consecutive motifs exceeded the p-value threshold (0.05).
********************************************************************************
COMMAND:	streme --verbosity 1 --oc streme_out -dna --seed 0 --p ./seqs-centered --minw 6 --maxw 15 --time 5765 --order 2 --thresh 0.05 --align center --totallength 4000000
********************************************************************************
CPU:		noble-meme.grid.gs.washington.edu
********************************************************************************
FINALTIME:	74.37 seconds
********************************************************************************
