********************************************************************************
STREME - Sensitive, Thorough, Rapid, Enriched Motif Elicitation
********************************************************************************
MEME version 5.5.5 (Release date: Thu Sep 14 08:48:04 2023 +1000)

For further information on how to interpret these results please access https://meme-suite.org/meme.
To get a copy of the MEME Suite software please access https://meme-suite.org.

********************************************************************************


********************************************************************************
REFERENCE
********************************************************************************
If you use this program in your research, please cite:

Timothy L. Bailey,
"STREME: accurate and versatile sequence motif discovery",
Bioinformatics, Mar. 24, 2021.
********************************************************************************


ALPHABET= ACGT

strands: + -

Background letter frequencies
A 0.185 C 0.315 G 0.315 T 0.185 

MOTIF 1-WRACCACAR STREME-1
letter-probability matrix: alength= 4 w= 9 nsites= 1565 E= 3.4e-008
 0.419987 0.156231 0.046763 0.377019
 0.600176 0.000061 0.399727 0.000036
 0.744893 0.149094 0.105977 0.000036
 0.000036 0.999867 0.000061 0.000036
 0.000036 0.999867 0.000061 0.000036
 0.696959 0.009058 0.185274 0.108708
 0.000036 0.985320 0.000061 0.014583
 0.765515 0.000061 0.125340 0.109084
 0.320761 0.020171 0.439550 0.219517

MOTIF 2-SAGGAAGTGG STREME-2
letter-probability matrix: alength= 4 w= 10 nsites= 784 E= 1.8e-006
 0.195097 0.326752 0.474145 0.004006
 0.890803 0.000090 0.109054 0.000053
 0.000053 0.009971 0.989923 0.000053
 0.000053 0.000090 0.999805 0.000053
 0.999768 0.000090 0.000090 0.000053
 0.935961 0.000090 0.000090 0.063859
 0.153264 0.069077 0.777607 0.000053
 0.055262 0.240422 0.000090 0.704227
 0.176000 0.118109 0.480888 0.225003
 0.261104 0.096454 0.563346 0.079096

MOTIF 3-CGCCCYCTGSTGGCC STREME-3
letter-probability matrix: alength= 4 w= 15 nsites= 380 E= 9.4e-006
 0.037774 0.685445 0.000132 0.276650
 0.029063 0.000132 0.892462 0.078343
 0.031961 0.967829 0.000132 0.000077
 0.000077 0.999714 0.000132 0.000077
 0.265055 0.734736 0.000132 0.000077
 0.000077 0.576476 0.005929 0.417517
 0.000077 0.999714 0.000132 0.000077
 0.000077 0.000132 0.000132 0.999659
 0.176902 0.081292 0.695350 0.046457
 0.020371 0.418756 0.552100 0.008773
 0.026164 0.256419 0.037814 0.679603
 0.002976 0.003030 0.993916 0.000077
 0.052252 0.052307 0.843190 0.052251
 0.120123 0.652376 0.081293 0.146209
 0.114326 0.534731 0.220429 0.130514

MOTIF 4-CTGASTCACYS STREME-4
letter-probability matrix: alength= 4 w= 11 nsites= 197 E= 2.8e-004
 0.246452 0.634984 0.118395 0.000169
 0.000169 0.015556 0.000287 0.983988
 0.000169 0.000287 0.923504 0.076040
 0.999257 0.000287 0.000287 0.000169
 0.000169 0.392218 0.607445 0.000169
 0.000169 0.000287 0.000287 0.999257
 0.000169 0.999375 0.000287 0.000169
 0.999257 0.000287 0.000287 0.000169
 0.000169 0.640684 0.055630 0.303517
 0.134509 0.456784 0.086028 0.322679
 0.141239 0.555833 0.283791 0.019136

MOTIF 5-RGCCCCGCCCC STREME-5
letter-probability matrix: alength= 4 w= 11 nsites= 331 E= 3.8e-004
 0.381787 0.176864 0.441220 0.000129
 0.033083 0.000220 0.950104 0.016592
 0.019522 0.972049 0.000220 0.008209
 0.039317 0.960334 0.000220 0.000129
 0.090620 0.862079 0.000220 0.047081
 0.000129 0.887938 0.000220 0.111712
 0.080703 0.000220 0.847142 0.071934
 0.000129 0.984038 0.015703 0.000129
 0.000129 0.999521 0.000220 0.000129
 0.000129 0.999521 0.000220 0.000129
 0.228260 0.685255 0.043670 0.042815

MOTIF 6-GCCGCAGCCTC STREME-6
letter-probability matrix: alength= 4 w= 11 nsites= 183 E= 3.0e-002
 0.026879 0.103097 0.869822 0.000201
 0.051346 0.895262 0.007892 0.045500
 0.018988 0.956362 0.024449 0.000201
 0.012337 0.067268 0.865867 0.054528
 0.029114 0.962721 0.007963 0.000201
 0.799440 0.126890 0.073469 0.000201
 0.074185 0.031242 0.841527 0.053047
 0.072741 0.834704 0.027369 0.065186
 0.019135 0.747807 0.203582 0.029476
 0.048634 0.075729 0.291516 0.584121
 0.053045 0.912677 0.034076 0.000201

MOTIF 7-AGATAAGGR STREME-7
letter-probability matrix: alength= 4 w= 9 nsites= 130 E= 1.7e-001
 0.858099 0.084493 0.000456 0.056952
 0.000267 0.000456 0.999010 0.000267
 0.998822 0.000456 0.000456 0.000267
 0.055924 0.000456 0.000456 0.943165
 0.998822 0.000456 0.000456 0.000267
 0.978781 0.020496 0.000456 0.000267
 0.080456 0.080625 0.717036 0.121884
 0.188296 0.087462 0.655527 0.068715
 0.505516 0.129928 0.311625 0.052930

MOTIF 8-CAGCTG STREME-8
letter-probability matrix: alength= 4 w= 6 nsites= 492 E= 2.4e-001
 0.016809 0.937736 0.028645 0.016809
 0.925900 0.028645 0.028645 0.016809
 0.016809 0.028645 0.937736 0.016809
 0.016809 0.937736 0.028645 0.016809
 0.016809 0.028645 0.028645 0.925900
 0.016809 0.028645 0.937736 0.016809

MOTIF 9-CGTCATCGC STREME-9
letter-probability matrix: alength= 4 w= 9 nsites= 129 E= 2.8e-001
 0.000290 0.998926 0.000494 0.000290
 0.087279 0.033109 0.846703 0.032909
 0.002383 0.011365 0.043984 0.942267
 0.076389 0.728092 0.136354 0.059166
 0.797776 0.129608 0.072326 0.000290
 0.015672 0.192552 0.030845 0.760932
 0.000290 0.920730 0.000494 0.078486
 0.089367 0.054855 0.772009 0.083769
 0.130769 0.548541 0.176979 0.143712

MOTIF 10-AGGAAG STREME-10
letter-probability matrix: alength= 4 w= 6 nsites= 329 E= 3.6e-001
 0.925900 0.028645 0.028645 0.016809
 0.016809 0.028645 0.937736 0.016809
 0.016809 0.028645 0.937736 0.016809
 0.925900 0.028645 0.028645 0.016809
 0.925900 0.028645 0.028645 0.016809
 0.016809 0.028645 0.937736 0.016809

MOTIF 11-CCATGGCAAC STREME-11
letter-probability matrix: alength= 4 w= 10 nsites= 88 E= 4.7e-001
 0.031738 0.892314 0.045599 0.030348
 0.015372 0.863735 0.015654 0.105239
 0.898226 0.060590 0.015655 0.025529
 0.000399 0.030626 0.045608 0.923366
 0.105228 0.015654 0.764809 0.114309
 0.120214 0.030626 0.848760 0.000399
 0.007886 0.916168 0.015654 0.060293
 0.844784 0.004378 0.120491 0.030347
 0.953307 0.000681 0.045613 0.000399
 0.000399 0.931134 0.008167 0.060300

MOTIF 12-CCCCACCCCCA STREME-12
letter-probability matrix: alength= 4 w= 11 nsites= 53 E= 5.2e-001
 0.000469 0.968764 0.000799 0.029968
 0.029968 0.828104 0.053540 0.088388
 0.011913 0.986819 0.000799 0.000469
 0.018046 0.945533 0.035953 0.000469
 0.856885 0.000799 0.114764 0.027552
 0.009968 0.812912 0.123910 0.053210
 0.018046 0.980686 0.000799 0.000469
 0.018046 0.951619 0.004184 0.026151
 0.003853 0.974700 0.011478 0.009968
 0.035626 0.875215 0.053533 0.035626
 0.924670 0.003734 0.000799 0.070797

MOTIF 13-CTCACCACAAG STREME-13
letter-probability matrix: alength= 4 w= 11 nsites= 93 E= 5.9e-001
 0.092060 0.857565 0.000562 0.049813
 0.077269 0.092294 0.124273 0.706164
 0.025072 0.758597 0.000562 0.215769
 0.943928 0.018067 0.000562 0.037443
 0.000330 0.968902 0.030438 0.000330
 0.000330 0.986407 0.000562 0.012701
 0.763489 0.025304 0.210877 0.000330
 0.000330 0.931790 0.018067 0.049813
 0.763484 0.000562 0.235623 0.000330
 0.721506 0.103237 0.150185 0.025072
 0.171555 0.205944 0.535572 0.086928

MOTIF 14-AAASAGGAA STREME-14
letter-probability matrix: alength= 4 w= 9 nsites= 102 E= 6.3e-001
 0.849287 0.149512 0.000757 0.000444
 0.998043 0.000757 0.000757 0.000444
 0.828347 0.050697 0.000757 0.120199
 0.180716 0.268528 0.533667 0.017090
 0.749755 0.000757 0.249044 0.000444
 0.009440 0.000757 0.989359 0.000444
 0.000444 0.017402 0.941510 0.040643
 0.991135 0.000757 0.000757 0.007352
 0.981397 0.000757 0.000757 0.017090

MOTIF 15-GCCTCTCCCTCCMC STREME-15
letter-probability matrix: alength= 4 w= 14 nsites= 45 E= 2.1e+000
 0.018816 0.110803 0.851565 0.018816
 0.000489 0.998189 0.000833 0.000489
 0.000489 0.943208 0.019160 0.037143
 0.092124 0.155055 0.037487 0.715333
 0.000489 0.979862 0.019160 0.000489
 0.018816 0.019160 0.037487 0.924536
 0.000489 0.961535 0.019160 0.018816
 0.018816 0.924881 0.037487 0.018816
 0.018816 0.906554 0.037487 0.037143
 0.063079 0.037487 0.037487 0.861946
 0.018816 0.833245 0.110796 0.037143
 0.037143 0.843967 0.100074 0.018816
 0.330460 0.448293 0.147450 0.073797
 0.165436 0.704948 0.092469 0.037147

MOTIF 16-GCCCCRCCTCCCGS STREME-16
letter-probability matrix: alength= 4 w= 14 nsites= 80 E= 1.1e+001
 0.000416 0.172134 0.764698 0.062752
 0.016000 0.951708 0.000708 0.031584
 0.016000 0.720596 0.200652 0.062752
 0.000416 0.904952 0.094216 0.000416
 0.000416 0.967292 0.016293 0.016000
 0.396490 0.000708 0.602386 0.000416
 0.093921 0.904955 0.000708 0.000416
 0.000416 0.998460 0.000708 0.000416
 0.000416 0.000708 0.185071 0.813805
 0.000416 0.811444 0.031877 0.156263
 0.000416 0.998460 0.000708 0.000416
 0.128093 0.683770 0.047461 0.140676
 0.000416 0.234474 0.764695 0.000416
 0.109508 0.350030 0.540047 0.000416

MOTIF 17-CTTGGTCTA STREME-17
letter-probability matrix: alength= 4 w= 9 nsites= 33 E= 1.6e+001
 0.044341 0.822969 0.045152 0.087538
 0.044345 0.001963 0.045152 0.908540
 0.001152 0.001963 0.001963 0.994921
 0.001152 0.001963 0.952544 0.044341
 0.087538 0.045152 0.866158 0.001152
 0.001152 0.001963 0.001963 0.994921
 0.001152 0.995733 0.001963 0.001152
 0.130744 0.001963 0.001963 0.865330
 0.994921 0.001963 0.001963 0.001152

********************************************************************************
Stopped because 3 consecutive motifs exceeded the p-value threshold (0.05).
********************************************************************************
COMMAND:	streme --verbosity 1 --oc streme_out -dna --seed 0 --p ./seqs-centered --minw 6 --maxw 15 --time 5780 --order 2 --thresh 0.05 --align center --totallength 4000000
********************************************************************************
CPU:		noble-meme.grid.gs.washington.edu
********************************************************************************
FINALTIME:	122.30 seconds
********************************************************************************
